475 5038
-918 759
-911 -609
-907 -830
-899 538
-898 -349
-896 -745
-895 -908
-894 587
-888 -494
-883 805
-882 -267
-881 109
-880 -388
-876 -692
-873 876
-861 432
-859 645
-858 -77
-856 -84
-846 -894
-840 903
-827 -630
-820 -122
-810 -155
-808 40
-802 139
-799 237
-797 304
-795 -12
-792 -631
-789 108
-788 303
-785 117
-782 -282
-778 180
-766 -336
-763 886
-761 300
-759 -116
-753 -763
-751 -1
-750 -177
-747 232
-743 574
-741 -879
-734 843
-732 203
-726 -285
-712 120
-711 -262
-703 -441
-702 65
-701 -1
-700 -371
-699 -427
-698 327
-695 -426
-693 880
-690 848
-683 486
-679 110
-673 -492
-672 325
-665 -77
-660 9
-652 677
-637 664
-635 -807
-632 -204
-631 841
-622 76
-619 -413
-617 670
-616 -264
-611 158
-609 -808
-608 -637
-600 -705
-597 271
-592 -705
-590 260
-588 -8
-586 405
-577 -341
-572 -343
-567 604
-564 -416
-562 376
-558 617
-555 -915
-550 -772
-549 377
-544 -446
-543 458
-540 916
-532 316
-529 -648
-527 -908
-522 657
-509 -393
-508 383
-505 301
-487 565
-477 -836
-470 -758
-468 754
-467 265
-466 735
-465 -728
-459 -736
-456 527
-448 -39
-447 -668
-446 738
-440 -841
-437 518
-433 328
-430 -801
-429 -910
-426 526
-418 -333
-412 -833
-411 126
-405 636
-404 -658
-397 -367
-394 304
-393 26
-390 -467
-386 -425
-385 -114
-383 -726
-378 -151
-374 -840
-372 739
-371 -180
-367 -308
-362 666
-361 900
-356 -451
-333 804
-332 -690
-328 -118
-325 128
-324 396
-320 330
-316 653
-311 421
-308 -518
-301 -551
-300 82
-295 -488
-294 -710
-291 156
-278 -411
-277 -18
-275 555
-274 -741
-269 -708
-265 887
-264 892
-262 -625
-256 122
-249 -839
-248 -109
-247 235
-239 -808
-236 525
-235 240
-234 2
-232 380
-230 -762
-226 -634
-222 -19
-218 314
-210 -787
-208 -346
-205 -715
-200 -885
-191 -887
-187 -604
-186 -469
-184 -451
-177 -37
-168 687
-161 -905
-158 -432
-156 -770
-154 -709
-149 -255
-139 -587
-138 -175
-131 -131
-129 -671
-128 397
-125 -332
-124 751
-122 811
-119 340
-116 -10
-114 190
-111 -894
-103 -573
-102 493
-97 351
-94 -531
-91 292
-78 -240
-74 -544
-68 666
-67 -695
-66 114
-65 796
-63 417
-52 510
-50 -463
-46 788
-42 -395
-41 691
-39 831
-38 112
-32 -380
-29 837
-20 122
-16 -890
-10 853
-9 -124
-8 -234
-6 -183
-3 -126
-1 471
3 777
5 -561
14 -821
25 907
26 -240
27 -652
28 -219
32 -459
34 487
35 -439
36 -599
43 243
49 -605
65 -53
68 718
71 920
74 612
80 -858
85 378
87 -214
97 -779
102 -131
105 393
113 440
115 219
123 -516
126 -570
128 -733
129 164
130 840
132 826
140 -270
148 767
151 678
155 -463
157 710
159 403
167 -437
169 615
174 421
182 -824
183 376
191 -575
194 414
196 -198
198 105
199 -240
200 146
202 -592
206 -891
211 -402
219 693
224 74
225 -344
231 560
232 843
235 -313
238 -920
247 -729
248 235
254 763
264 601
265 805
266 350
270 -844
276 12
277 -451
283 254
284 -748
286 -309
298 687
301 514
302 -862
303 -249
306 468
316 -702
318 484
320 294
326 913
333 322
334 467
337 921
340 550
341 620
348 317
352 557
353 413
359 663
364 481
373 -512
374 -94
376 791
379 476
380 -465
382 259
383 9
384 665
386 -259
395 84
399 367
406 -275
407 854
409 -660
410 -485
411 801
413 -141
416 -775
417 404
419 285
426 869
427 -805
435 -535
438 654
439 -282
442 64
450 530
456 -620
459 527
460 178
462 -847
468 -681
469 6
472 -561
473 37
474 -430
475 66
480 34
493 -880
496 -699
497 -359
498 -588
499 -418
501 -429
504 -456
506 185
508 -717
509 298
512 -267
521 -493
527 -91
536 858
539 -923
546 577
547 525
550 -539
552 572
561 32
565 -574
567 -687
574 -496
575 -705
576 -659
584 -158
602 -859
604 -823
610 -768
612 -405
614 82
619 -149
621 373
633 -335
634 455
640 -825
642 -360
643 -84
650 234
653 -245
658 -241
659 -895
661 573
666 408
667 -677
673 -699
679 533
682 465
686 643
687 -23
692 -593
693 863
698 516
699 -835
706 -580
711 425
712 -221
715 626
719 -144
729 221
736 184
737 -15
741 64
755 178
756 549
757 -761
759 299
762 627
766 609
768 576
769 132
770 301
772 142
775 -435
776 -116
779 525
782 902
787 910
789 -452
795 705
798 829
800 -53
802 756
805 -623
816 576
818 379
820 -223
822 -403
824 813
826 -114
827 879
830 150
836 576
839 83
840 639
841 -786
842 273
845 -798
847 240
850 430
851 -244
852 -445
854 654
858 34
859 895
862 -571
866 92
873 447
874 -267
876 -654
883 688
884 -34
898 -757
901 -768
904 313
905 656
911 58
