376 4
-987 -531
-979 37
-968 841
-967 -971
-965 458
-963 -492
-962 -513
-960 -683
-958 -365
-954 72
-953 -88
-939 -509
-938 -344
-937 -845
-932 405
-925 -933
-923 29
-915 942
-913 -419
-906 36
-903 984
-902 -732
-899 162
-897 -743
-893 846
-888 -730
-884 -173
-875 422
-873 547
-868 452
-867 30
-861 -867
-858 -237
-853 346
-834 70
-833 986
-832 215
-828 -586
-827 888
-807 -978
-802 343
-791 -930
-790 578
-789 -897
-787 273
-782 -775
-779 -736
-778 -162
-759 -94
-754 -739
-752 -706
-750 -394
-749 814
-747 -298
-740 69
-737 -28
-730 -138
-729 -917
-726 917
-721 -194
-717 678
-716 -39
-714 895
-713 -620
-709 -306
-708 482
-700 24
-699 -316
-688 -934
-687 0
-683 -798
-676 -685
-670 -953
-666 -297
-648 -494
-635 243
-608 33
-593 -257
-592 -686
-586 -513
-585 -255
-568 794
-566 452
-553 440
-549 116
-545 436
-544 -16
-539 660
-533 903
-531 -683
-527 265
-524 -972
-513 -81
-506 -363
-498 -717
-497 366
-487 -793
-484 -634
-477 -550
-468 932
-460 696
-458 -283
-446 258
-440 259
-437 -831
-435 -436
-429 -269
-428 -400
-424 -877
-413 46
-408 -955
-407 -928
-398 612
-397 948
-390 -553
-387 891
-380 590
-372 87
-368 -379
-365 -118
-362 139
-352 725
-351 301
-346 967
-340 632
-326 -496
-318 -957
-315 919
-300 -82
-294 -239
-262 483
-259 980
-257 707
-256 -239
-255 -196
-253 -114
-250 112
-248 -102
-247 441
-244 -4
-243 -448
-236 -873
-234 368
-215 252
-214 550
-205 -19
-202 15
-199 -915
-195 -735
-192 122
-187 -21
-182 644
-164 -643
-162 927
-159 179
-156 -45
-152 -898
-148 -558
-140 -574
-136 196
-134 -136
-130 591
-111 -451
-102 -203
-101 -222
-99 390
-90 396
-87 669
-85 656
-83 554
-79 -742
-77 -471
-73 902
-71 258
-70 467
-68 248
-52 447
-36 -175
-31 161
-28 -877
-23 -868
-14 -333
-13 -274
-6 684
-1 -688
2 671
13 240
15 107
18 -918
20 289
23 106
24 -840
27 -908
29 556
35 -36
48 754
50 -769
57 713
69 -960
73 -106
87 546
90 182
92 -858
99 -252
103 329
105 -983
109 -276
110 706
111 252
123 385
132 69
138 -619
142 -693
146 -2
148 322
160 816
163 -908
164 -254
165 -470
168 -754
170 251
191 473
199 966
202 29
203 616
205 -164
206 381
220 804
225 807
227 216
231 -581
233 -400
253 907
258 349
263 113
272 272
273 -944
280 866
286 956
287 296
293 -365
294 -166
297 952
302 -953
313 -234
316 -582
317 -263
324 516
328 771
336 -758
341 798
342 -917
346 -28
349 -347
351 -155
363 399
364 721
366 283
368 714
375 -885
379 151
383 -822
384 754
393 -527
394 -827
404 26
406 430
412 141
418 -712
424 -257
425 -284
433 200
440 -88
441 981
442 804
444 -528
445 -395
447 -248
451 -667
455 -68
458 -269
460 -684
462 283
469 794
475 492
480 891
482 -306
485 -514
503 552
508 -116
509 870
522 297
530 822
535 764
539 616
540 -798
561 50
563 -391
567 708
578 228
588 -802
592 572
593 231
594 -615
597 -946
600 892
601 669
604 718
606 808
610 855
614 258
617 376
626 -418
630 -360
631 296
637 388
639 571
640 204
649 190
651 478
657 590
668 -444
670 308
674 -183
676 593
682 768
688 -748
692 16
696 278
706 -225
707 109
710 657
714 980
721 934
723 25
734 -384
738 155
743 286
744 -180
746 843
771 -793
773 -129
776 507
778 993
780 3
786 -832
802 276
804 -718
819 -709
823 543
829 570
830 386
835 -243
850 631
851 -330
854 134
856 -260
866 -965
877 778
893 526
899 350
909 577
912 -844
918 0
920 186
926 -768
927 859
943 30
956 155
957 88
964 -255
979 -94
989 -80
994 247
995 7
997 156
