300 15
-982 867
-978 -782
-976 -477
-970 791
-965 299
-961 978
-960 -40
-950 779
-941 816
-935 -107
-927 294
-926 -418
-925 931
-912 61
-910 -990
-909 -417
-903 -611
-893 396
-888 -434
-885 -449
-881 265
-876 680
-873 395
-868 905
-865 378
-857 394
-850 918
-845 -977
-827 472
-824 -753
-822 -67
-820 439
-817 -513
-805 -99
-801 -69
-799 -525
-796 599
-786 854
-781 -128
-766 76
-764 902
-759 -919
-754 -638
-752 415
-734 -413
-726 343
-720 488
-711 -348
-696 -882
-688 847
-677 781
-674 630
-666 788
-659 -166
-657 -228
-648 -351
-625 852
-612 -908
-606 682
-590 -563
-587 937
-586 -611
-581 -115
-576 902
-557 -415
-551 -614
-546 -261
-540 -287
-536 817
-532 948
-528 156
-520 60
-517 -717
-516 824
-507 -672
-497 410
-493 -84
-492 842
-490 -444
-488 352
-487 891
-471 645
-464 401
-463 -584
-456 -796
-451 411
-449 -595
-444 616
-430 912
-422 277
-410 -522
-408 588
-388 -361
-385 4
-378 -884
-377 -676
-359 268
-348 -458
-340 406
-336 -867
-329 151
-325 -739
-324 -748
-319 730
-318 -346
-317 318
-313 -126
-298 817
-295 258
-278 165
-257 -844
-253 -382
-247 401
-246 -824
-235 -755
-233 -666
-231 186
-227 -769
-220 497
-216 982
-211 -963
-208 569
-199 810
-189 -563
-179 -876
-177 -143
-175 -987
-172 -400
-167 417
-163 -950
-159 783
-148 706
-146 291
-141 -663
-139 638
-136 -877
-120 -192
-115 -401
-108 967
-100 755
-96 257
-95 265
-92 -822
-83 -850
-81 -198
-68 -517
-63 300
-61 -924
-57 -474
-52 520
-50 189
-45 -356
-34 738
-31 987
-26 -274
-20 -61
-15 748
-6 -197
-2 423
-1 332
11 79
14 -43
17 -574
28 29
47 459
48 949
49 -344
52 432
61 80
64 -959
66 447
70 630
72 774
78 860
80 -283
88 198
92 214
97 -954
105 -40
108 172
110 -617
113 300
123 795
136 758
138 -131
141 -147
152 -899
154 265
162 968
171 585
173 -258
182 960
188 806
191 -840
194 482
201 914
215 -652
216 -325
228 412
230 -682
242 639
243 -677
252 -306
263 860
264 -242
287 -269
298 -820
300 117
302 154
316 -666
320 -614
326 1000
345 26
351 877
359 -51
367 197
369 -916
373 291
374 -368
380 871
382 -421
393 -95
400 -950
438 -483
442 -96
456 981
461 239
468 524
478 -741
484 -482
489 826
494 164
509 67
510 842
512 866
514 859
515 -266
540 -655
545 594
567 -535
603 -174
619 437
620 -902
621 587
631 851
636 370
637 884
654 761
656 401
658 -45
664 -255
667 702
668 -906
672 -420
675 393
676 -855
687 134
691 812
701 -936
707 705
709 627
710 294
720 -504
721 -789
726 -129
733 -729
747 -638
761 -194
765 334
770 548
775 -622
787 908
788 -964
795 -198
807 17
838 25
839 335
858 709
859 -302
862 403
874 -312
875 505
877 -781
879 643
880 -937
898 -408
912 -288
913 -555
919 335
923 -179
926 117
930 32
934 30
938 241
944 -194
951 79
968 -221
982 211
988 748
997 -147
