100 5
-197 87
-192 8
-190 8
-189 -194
-188 179
-182 28
-174 138
-171 -194
-168 192
-164 79
-163 1
-155 -190
-153 57
-139 14
-133 -173
-130 23
-129 -58
-128 -181
-125 -18
-122 78
-118 55
-116 -72
-109 -9
-106 158
-104 165
-94 98
-92 34
-86 50
-80 -172
-77 -158
-76 -23
-75 168
-73 113
-66 -131
-58 -34
-50 33
-49 -138
-47 149
-39 -105
-37 24
-36 -107
-29 -161
-28 -54
-25 -127
-23 -17
-21 -170
-20 -16
-19 26
-18 101
-17 -136
-16 88
-4 100
0 64
1 141
2 -12
4 79
5 -101
11 -23
14 123
19 -116
20 38
22 -21
26 -24
29 -187
33 92
46 -115
51 -55
57 104
64 -84
68 107
69 67
71 62
72 -110
86 121
87 -190
94 113
98 -146
102 -50
104 126
106 -138
109 52
116 -127
123 -83
129 178
130 -177
134 122
137 -145
142 -121
145 177
150 50
151 90
160 4
162 85
164 -55
172 97
173 -73
182 -146
197 -110
199 1
200 16
