200 72
-457 -399
-447 -17
-445 402
-438 -117
-434 -249
-433 -219
-431 225
-429 358
-425 299
-413 56
-407 -240
-395 446
-392 -313
-389 -184
-388 371
-387 -32
-381 135
-366 -316
-364 182
-362 -143
-359 -267
-355 102
-348 353
-343 243
-341 418
-340 207
-337 432
-332 176
-326 -2
-319 21
-315 -151
-310 -8
-304 415
-303 -448
-297 -117
-289 -241
-286 26
-281 -393
-273 230
-271 -176
-266 66
-263 251
-257 -37
-251 403
-249 -218
-245 4
-241 147
-239 -436
-235 111
-234 59
-230 87
-229 -34
-225 355
-222 -62
-217 446
-216 -197
-214 -193
-213 -150
-207 -22
-201 -41
-197 453
-194 -143
-187 40
-180 14
-175 -178
-165 87
-164 201
-152 280
-146 80
-145 -16
-143 -87
-136 264
-128 161
-126 164
-118 169
-116 -227
-115 -264
-112 -328
-108 341
-104 -171
-103 21
-98 458
-97 -115
-95 -183
-92 -255
-90 -19
-88 201
-85 350
-82 244
-75 -381
-74 317
-68 -385
-66 -418
-64 152
-61 448
-59 447
-57 -258
-56 310
-48 298
-40 433
-34 279
-31 -88
-27 306
-23 -356
-22 -65
-13 199
7 26
11 -80
14 -266
15 217
25 -461
38 -138
41 400
42 389
44 -358
53 -360
56 139
61 147
63 -79
64 26
73 226
85 109
88 -8
90 -140
97 248
115 436
120 -391
123 -253
127 -253
133 188
150 235
153 429
154 228
155 412
159 -16
160 -48
166 -56
172 105
179 148
185 -68
189 202
191 111
193 -442
198 449
199 221
200 77
203 -204
204 141
212 20
218 -427
222 238
242 96
246 245
256 256
258 -281
265 65
266 -402
269 -437
273 -408
282 42
286 -458
287 74
298 -49
299 -390
305 -208
309 365
314 -138
316 337
317 -162
324 -301
330 -96
337 416
340 -346
341 -93
345 68
348 -320
351 199
352 -267
363 105
368 -51
373 -132
375 -240
380 -98
383 -70
385 147
386 -72
392 97
395 356
406 22
407 -412
412 -225
417 385
419 -151
425 -247
428 39
440 45
441 427
442 246
443 418
444 249
