150 5021
-347 269
-344 135
-341 -216
-340 322
-337 247
-335 -275
-334 28
-331 -97
-306 -38
-305 -33
-303 -52
-302 -84
-300 120
-296 30
-295 287
-291 55
-290 332
-285 159
-278 57
-277 92
-273 -200
-265 -350
-261 163
-252 56
-249 -80
-245 118
-241 199
-236 -233
-233 -334
-232 -90
-212 -216
-209 25
-208 -188
-207 81
-206 -105
-200 -267
-191 -198
-173 67
-172 -12
-169 258
-167 -176
-166 247
-156 -57
-155 149
-153 207
-147 -194
-144 -296
-137 159
-135 132
-130 71
-124 -160
-121 -123
-120 96
-114 195
-108 313
-103 333
-95 -192
-74 72
-73 -173
-71 203
-65 -230
-57 73
-55 318
-53 -221
-49 189
-45 20
-44 325
-38 -298
-33 -285
-23 -268
-20 161
-13 -335
-12 -189
-2 -256
-1 174
6 -330
10 -121
13 139
18 144
20 -87
25 -173
31 293
41 -269
42 33
45 121
46 -191
50 -90
51 -247
55 195
64 277
65 221
73 -36
81 -298
82 -42
83 217
86 -180
91 -251
95 328
105 -231
109 113
110 -93
129 -257
140 -337
143 -333
147 136
151 237
157 87
158 333
161 252
164 -193
169 -298
173 -107
174 275
175 -57
182 -337
184 -167
185 103
187 -72
191 320
201 -343
206 -83
207 83
220 257
221 -87
223 -90
229 2
232 -50
238 214
242 299
245 -208
248 -103
250 231
259 -96
268 91
276 -132
279 238
281 301
284 215
291 -77
295 -144
298 257
300 93
307 248
312 115
317 -258
324 337
327 -104
329 -180
342 -294
347 104
