111
-224 1
-251 52
-258 91
-258 151
-238 193
-212 218
-220 164
-204 110
-206 71
-189 54
-174 70
-172 124
-161 161
-157 195
-154 217
-147 242
-135 257
-114 266
-100 271
-88 266
-88 250
-94 228
-93 192
-95 167
-104 142
-111 120
-120 94
-123 77
-123 66
-123 61
-111 58
-98 88
-92 115
-84 144
-79 167
-71 189
-65 204
-57 218
-47 229
-36 236
-28 237
-20 227
-23 203
-25 173
-33 138
-37 121
-42 105
-51 89
-55 77
-60 63
-55 54
-31 70
-17 101
-8 132
2 169
7 194
17 208
31 217
47 217
73 195
64 150
54 117
42 93
28 76
18 60
15 52
14 43
33 55
67 88
92 116
115 128
132 125
139 100
125 75
101 47
90 35
79 21
61 -4
51 -21
31 -43
15 -55
-15 -67
-33 -82
-46 -98
-55 -112
-74 -128
-100 -139
-109 -150
-114 -157
-121 -171
-153 -172
-170 -175
-204 -172
-225 -160
-235 -152
-238 -145
-239 -139
-241 -131
-243 -124
-252 -99
-258 -86
-265 -74
-269 -62
-272 -40
-272 -21
-272 -9
-275 3
-285 22
-290 42
-291 64
-289 91
