88
-248 201
-248 250
-202 249
-200 200
-154 201
-148 247
-97 247
-101 203
-49 200
-49 247
0 248
0 199
52 201
52 250
97 250
101 197
151 201
149 251
200 248
199 201
250 201
249 248
287 251
294 201
290 149
288 101
252 98
252 148
205 146
199 105
202 57
246 53
286 49
291 1
253 1
197 -3
205 -49
247 -47
287 -52
290 -92
247 -102
200 -99
199 -138
248 -150
285 -133
290 -164
286 -195
241 -195
207 -191
202 -246
150 -247
153 -205
101 -201
102 -242
51 -246
49 -204
2 -201
2 -246
-50 -243
-52 -199
-100 -200
-103 -250
-150 -244
-146 -207
-197 -209
-202 -249
-251 -245
-246 -196
-287 -200
-292 -150
-250 -154
-254 -100
-287 -99
-287 -47
-253 -55
-258 -4
-287 2
-294 47
-249 48
-255 96
-290 101
-289 148
-248 152
-198 147
-200 112
-139 107
-151 153
-269 175
