68
-175.85692995529058 -19.37406855439642
-192.9955290611028 26.825633383010427
-172.13114754098356 17.88375558867362
-179.58271236959757 60.35767511177346
-153.50223546944855 29.806259314456028
-166.16989567809236 93.8897168405365
-133.38301043219073 38.002980625931436
-134.12816691505213 122.20566318926971
-108.7928464977645 39.493293591654236
-109.5380029806259 134.12816691505213
-86.43815201192248 40.23845007451564
-64.08345752608047 136.36363636363635
-53.65126676602085 31.29657228017883
-34.27719821162443 123.69597615499252
-29.061102831594628 17.88375558867362
2.9806259314456027 123.69597615499252
8.196721311475407 22.35469448584202
32.04172876304023 119.97019374068552
35.76751117734724 26.080476900149026
58.122205663189256 131.14754098360652
70.78986587183307 24.590163934426222
96.8703427719821 127.42175856929953
108.04769001490311 17.88375558867362
127.42175856929953 130.40238450074511
127.42175856929953 17.88375558867362
146.05067064083454 128.91207153502233
151.26676602086434 1.4903129657228014
190.76005961251857 133.38301043219073
176.60208643815199 2.2354694485842024
209.38897168405362 75.26080476900147
193.7406855439642 -25.335320417287626
213.859910581222 -1.4903129657228014
211.6244411326378 -71.53502235469448
192.9955290611028 -40.98360655737704
205.6631892697466 -102.0864381520119
181.81818181818178 -56.631892697466455
194.4858420268256 -155.73770491803276
166.16989567809236 -63.33830104321906
169.89567809239938 -173.62146050670637
149.77645305514156 -60.35767511177346
149.03129657228016 -181.07302533532038
134.87332339791354 -64.82861400894187
128.91207153502233 -183.3084947839046
115.49925484351711 -71.53502235469448
108.04769001490311 -184.79880774962737
101.3412816691505 -75.26080476900147
86.43815201192248 -182.5633383010432
85.69299552906108 -67.80923994038747
55.88673621460505 -186.28912071535018
61.84798807749626 -73.02533532041727
36.512667660208635 -182.5633383010432
35.022354694485834 -61.84798807749626
14.903129657228014 -181.81818181818178
12.667660208643813 -50.67064083457525
-11.17734724292101 -182.5633383010432
-12.667660208643813 -52.16095380029805
-35.76751117734724 -181.81818181818178
-38.74813710879284 -52.16095380029805
-58.86736214605066 -175.85692995529058
-61.84798807749626 -36.512667660208635
-84.20268256333829 -163.18926974664677
-91.6542473919523 -26.080476900149026
-106.5573770491803 -162.44411326378537
-114.75409836065572 -24.590163934426222
-128.91207153502233 -160.20864381520116
-138.59910581222053 -29.061102831594628
-156.48286140089417 -154.24739195230995
-202.682563338301 -61.84798807749626