124
-290 1
-280 248
-272 106
-262 244
-255 114
-242 248
-234 111
-221 245
-218 111
-200 245
-197 113
-181 244
-180 115
-157 240
-153 121
-141 239
-131 118
-121 236
-107 119
-96 237
-91 123
-77 235
-72 122
-59 229
-56 123
-42 235
-44 126
-26 247
-21 132
-8 248
-5 128
9 243
8 127
31 238
27 129
48 236
43 131
63 231
61 132
79 236
85 134
96 233
111 130
128 240
125 127
145 244
145 116
159 253
160 111
172 231
174 132
183 221
187 134
197 238
210 140
215 230
222 139
240 228
246 138
260 230
268 135
283 108
253 85
277 75
256 57
285 43
248 17
278 10
249 -8
283 -23
251 -42
276 -60
251 -154
238 -52
227 -155
216 -48
208 -158
194 -54
185 -161
174 -52
169 -160
158 -51
148 -154
132 -56
132 -159
108 -60
112 -166
82 -60
88 -166
64 -61
61 -166
41 -62
37 -177
25 -55
22 -179
6 -48
8 -177
-13 -50
-15 -179
-35 -54
-38 -176
-57 -60
-66 -181
-79 -58
-89 -189
-97 -63
-113 -177
-120 -59
-135 -178
-139 -60
-152 -168
-156 -54
-168 -179
-166 -12
-192 -181
-187 -20
-208 -183
-214 -29
-226 -173
-237 -72
-252 -171
-248 -37
-276 -160
-269 -19
