83
-276 184
-223 218
-166 227
-131 252
-105 239
-78 230
-49 203
-24 173
-4 135
29 97
56 132
47 177
64 217
100 224
140 209
155 185
156 154
156 154
161 136
169 124
190 123
204 121
219 115
226 107
236 81
238 63
230 51
205 29
143 34
121 58
108 81
79 108
66 82
64 53
59 33
59 33
47 5
32 -3
32 -13
22 -41
29 -56
40 -85
60 -119
57 -131
70 -165
64 -196
36 -190
36 -166
36 -133
16 -86
-20 -13
-52 -20
-61 -36
-47 -55
-39 -85
-47 -110
-52 -151
-56 -180
-84 -173
-78 -129
-72 -96
-90 -29
-113 1
-153 -1
-203 1
-200 -21
-200 -61
-200 -101
-199 -148
-236 -148
-240 -81
-232 -22
-244 -21
-256 -59
-264 -106
-275 -141
-275 -141
-292 -122
-288 -76
-272 -41
-272 0
-284 61
-290 128
