76
-136 204
-72 215
-31 203
-4 194
10 184
7 163
4 147
-6 177
-24 170
-24 149
-32 127
-47 112
-50 90
-64 80
-79 72
-84 64
-84 59
-100 48
-123 58
-144 76
-172 43
-156 45
-130 41
-101 35
-71 35
-48 32
-26 21
-8 -2
12 -29
22 -44
60 -57
95 -65
136 -75
137 -81
149 -83
167 -76
176 -88
176 -88
184 -104
165 -107
165 -89
148 -90
158 -117
143 -133
128 -99
110 -107
68 -88
32 -91
-27 -67
0 -134
24 -161
-28 -199
-96 -225
-144 -206
-188 -124
-200 -53
-216 -122
-205 -169
-180 -206
-169 -232
-176 -243
-156 -253
-147 -269
-158 -270
-178 -256
-191 -290
-224 -257
-204 -236
-248 -200
-256 -137
-243 -58
-243 -13
-254 39
-212 52
-194 111
-188 159
