247
-288 9
-281 82
-272 132
-232 179
-215 227
-219 269
-175 287
-135 263
-88 287
-58 278
-37 268
-20 291
15 286
36 293
60 291
74 285
95 294
116 288
138 291
158 291
174 280
187 293
216 287
235 288
254 296
275 284
282 268
283 252
294 237
295 218
293 197
294 184
294 167
291 147
250 253
233 221
239 196
252 178
251 153
266 143
283 134
280 112
172 243
172 196
177 168
199 157
207 138
223 131
237 117
239 97
252 96
268 103
278 78
279 58
290 35
157 162
157 125
176 106
189 98
199 85
219 67
217 45
230 40
249 34
258 16
280 14
288 -12
284 -36
260 -20
205 9
193 41
156 66
142 101
131 59
143 30
162 16
176 -7
199 -15
217 -39
222 -61
243 -58
261 -84
271 -100
278 -114
267 -131
276 -156
263 -176
237 -145
233 -113
212 -93
181 -66
168 -33
126 -16
101 17
100 50
106 83
105 126
119 156
124 186
132 221
112 230
88 188
83 147
65 123
60 95
46 68
59 35
55 8
63 -23
84 -40
105 -71
126 -87
150 -112
175 -145
193 -151
219 -177
222 -196
245 -212
271 -224
269 -253
245 -255
231 -238
199 -232
195 -246
155 -226
159 -207
162 -184
125 -180
119 -154
106 -120
74 -91
47 -69
39 -107
-5 -78
9 -36
27 -6
18 30
17 71
31 94
37 135
46 159
62 192
71 222
69 237
41 239
25 211
16 175
0 136
-10 100
-35 68
-23 42
-30 12
-31 -23
-28 -42
-38 -67
-45 -89
-32 -109
-9 -129
20 -140
41 -145
65 -178
89 -207
108 -224
93 -245
50 -244
52 -223
46 -197
12 -198
-11 -172
-57 -174
-52 -141
-64 -118
-86 -85
-76 -63
-73 -27
-66 -5
-75 32
-67 72
-49 97
-43 138
-50 181
-25 208
-30 233
-49 241
-75 202
-81 177
-95 143
-91 109
-106 82
-109 45
-111 10
-125 -24
-111 -46
-127 -80
-133 -115
-123 -140
-112 -174
-92 -197
-71 -221
-88 -239
-119 -241
-123 -214
-142 -175
-172 -171
-172 -149
-166 -118
-165 -89
-167 -55
-160 -28
-153 7
-145 34
-144 80
-129 102
-130 134
-123 163
-109 188
-103 217
-112 234
-144 199
-150 165
-159 126
-174 85
-171 50
-178 19
-190 -10
-195 -41
-203 -66
-206 -96
-207 -123
-200 -154
-200 -182
-190 -205
-178 -226
-202 -244
-225 -216
-229 -172
-233 -136
-230 -104
-230 -55
-222 -15
-211 9
-219 43
-202 79
-202 113
-188 143
-184 184
-180 224